0.5477728843688965
0.5287349224090576
0.52427077293396
0.5197811126708984
0.5213220119476318
0.5262551307678223
0.5168039798736572
0.5233070850372314
0.5138568878173828
0.5237488746643066
0.5168309211730957
0.5292048454284668
0.5168299674987793
0.5188119411468506
0.515343189239502
0.518841028213501
0.5158388614654541
0.5247929096221924
0.5202770233154297
0.5217649936676025
0.5188140869140625
0.5247938632965088
0.5163090229034424
0.5223119258880615
0.5188159942626953
0.5237760543823242
0.517848014831543
0.5217909812927246
0.524791955947876
0.5218179225921631
0.5208010673522949
0.5203030109405518
0.5197720527648926
0.5212948322296143
0.5178229808807373
0.5242710113525391
0.5153419971466064
0.522287130355835
0.5193119049072266
0.5232799053192139
0.5133850574493408
0.5247409343719482
0.5208251476287842
0.5202770233154297
0.5227830410003662
0.5212979316711426
0.5247659683227539
0.520798921585083
0.5203039646148682
0.5247669219970703
0.5183148384094238
0.5233058929443359
0.5158388614654541
0.5247659683227539
0.5158419609069824
0.5262548923492432
0.5202770233154297
0.522284984588623
0.5183210372924805
0.5203039646148682
0.52077317237854
0.5203280448913574
0.5177979469299316
0.5232529640197754
0.5153429508209229
0.5227859020233154
0.5168061256408691
0.523280143737793
0.5158400535583496
0.5252621173858643
0.518294095993042
0.5193121433258057
0.517327070236206
0.5237748622894287
0.5193130970001221
0.521791934967041
0.5203020572662354
0.5227820873260498
0.5153441429138184
0.5233049392700195
0.5188159942626953
0.5217928886413574
0.5153398513793945
0.5287058353424072
0.521791934967041
0.5242719650268555
0.5158369541168213
0.5222911834716797
0.5198080539703369
0.521763801574707
0.5212948322296143
0.5242710113525391
0.5173280239105225
0.5242698192596436
0.5197820663452148
0.5252890586853027
0.5163309574127197
0.5262529850006104
0.5193121433258057
0.5257589817047119
0.5227828025817871
0.521294116973877
0.5193109512329102
0.5217640399932861
0.5212950706481934
0.5237488746643066
0.5153689384460449
0.5282390117645264
0.5163371562957764
0.5272219181060791
0.5193121433258057
0.5262560844421387
0.5207998752593994
0.5218169689178467
0.5203049182891846
0.5212960243225098
0.5203030109405518
0.5212929248809814
0.523777961730957
0.5222868919372559
0.5237748622894287
0.5257599353790283
0.5192821025848389
0.5257859230041504
0.5153441429138184
0.5282080173492432
0.5188150405883789
0.5252628326416016
0.5218188762664795
0.5227839946746826
0.5188169479370117
0.5222840309143066
0.5222868919372559
0.5232808589935303
0.5197799205780029
0.5302479267120361
0.5198068618774414
0.5227839946746826
0.5173280239105225
0.5247669219970703
0.5198080539703369
0.5242750644683838
0.5193121433258057
0.5232508182525635
0.5178229808807373
0.5227830410003662
0.517301082611084
0.5228099822998047
0.522287130355835
0.5272469520568848
0.5188171863555908
0.5262529850006104
0.5178260803222656
0.5302219390869141
0.5188171863555908
0.5227570533752441
0.5203030109405518
0.5247650146484375
0.5193119049072266
0.5207991600036621
0.5193397998809814
0.5223140716552734
0.5197949409484863
0.5227830410003662
0.5163609981536865
0.5247421264648438
0.5168578624725342
0.5237760543823242
0.5182900428771973
0.5277678966522217
0.5203018188476562
0.5227830410003662
0.5252878665924072
0.5217649936676025
0.521291971206665
0.5232789516448975
0.523277997970581
0.5247650146484375
0.5198049545288086
0.521291971206665
0.5158400535583496
0.5227830410003662
0.5168311595916748
0.5237751007080078
0.5148749351501465
0.5217950344085693
0.5173280239105225
0.5197811126708984
0.5193359851837158
0.5228080749511719
0.5262830257415771
0.5203299522399902
0.5178248882293701
0.5242710113525391
0.5178220272064209
0.5203039646148682
0.517327070236206
0.5222868919372559
0.5168030261993408
0.5252659320831299
0.5192849636077881
0.520798921585083
0.5183460712432861
0.5233051776885986
0.5257580280303955
0.5222599506378174
0.5168571472167969
0.5262510776519775
0.5183169841766357
0.525759220123291
0.5202758312225342
0.5267770290374756
0.5193099975585938
0.5232799053192139
0.5158419609069824
0.5217649936676025
0.5163631439208984
0.5237748622894287
0.5173280239105225
0.5207741260528564
0.5188398361206055
0.5217640399932861
0.5183451175689697
0.520798921585083
0.5178499221801758
0.5257589817047119
0.5148489475250244
0.5227839946746826
0.5173020362854004
0.5262548923492432
0.5192840099334717
0.5242710113525391
0.5178282260894775
0.5198020935058594
0.5187890529632568
0.5233049392700195
0.5173230171203613
0.5202829837799072
0.5193390846252441
0.5213210582733154
0.5153429508209229
0.5237748622894287
0.5158400535583496
0.5292308330535889
0.5153689384460449
0.5227828025817871
0.5158650875091553
0.5212938785552979
0.521294116973877
0.5197799205780029
