0.22149300575256348
0.13543200492858887
0.12796497344970703
0.13144588470458984
0.12797307968139648
0.12945795059204102
0.12992596626281738
0.12650585174560547
0.12645316123962402
0.1304481029510498
0.1270008087158203
0.12697887420654297
0.12598299980163574
0.12697601318359375
0.126478910446167
0.12645387649536133
0.13146495819091797
0.12942910194396973
0.12650609016418457
0.1260089874267578
0.13689684867858887
0.12598419189453125
0.12796711921691895
0.12997794151306152
0.12895894050598145
0.1260089874267578
0.1264801025390625
0.12744402885437012
0.12650513648986816
0.1398460865020752
0.12796783447265625
0.12744712829589844
0.12647199630737305
0.12697386741638184
0.12645411491394043
0.12893295288085938
0.12948107719421387
0.12846708297729492
0.13790011405944824
0.12898707389831543
0.12598299980163574
0.12598919868469238
0.12551307678222656
0.12948298454284668
0.12598609924316406
0.12598299980163574
0.12647795677185059
0.13692188262939453
0.1284651756286621
0.1294560432434082
0.12898683547973633
0.1274709701538086
0.12650609016418457
0.1275010108947754
0.12794208526611328
0.12598490715026855
0.1408369541168213
0.12895894050598145
0.12796807289123535
0.12697601318359375
0.1279430389404297
0.1274721622467041
0.12749791145324707
0.13290095329284668
0.1264801025390625
0.13888001441955566
0.12848901748657227
0.1264798641204834
0.12598514556884766
0.12843918800354004
0.126478910446167
0.1264801025390625
0.1264810562133789
0.1264820098876953
0.1368699073791504
0.12700200080871582
0.13292908668518066
0.12796807289123535
0.1264798641204834
0.12648582458496094
0.12647700309753418
0.1264820098876953
0.12598299980163574
0.14431095123291016
0.12695097923278809
0.12796783447265625
0.12796807289123535
0.12697601318359375
0.12895894050598145
0.12995290756225586
0.12992596626281738
0.12700200080871582
0.13788700103759766
0.1264801025390625
0.1274709701538086
0.12796783447265625
0.13102316856384277
0.12794184684753418
0.12601304054260254
0.1274738311767578
0.12695002555847168
0.137861967086792
0.1264798641204834
0.12948203086853027
0.12796807289123535
0.1274709701538086
0.12645602226257324
0.126478910446167
0.1264801025390625
0.12997794151306152
0.1403942108154297
0.1264810562133789
0.12598299980163574
0.12598299980163574
0.12694907188415527
0.12694907188415527
0.13196086883544922
0.1255040168762207
0.12595701217651367
0.1383838653564453
0.1264801025390625
0.12697577476501465
0.12600994110107422
0.128464937210083
0.12645292282104492
0.12749695777893066
0.12598204612731934
0.12647700309753418
0.13739299774169922
0.13091707229614258
0.127471923828125
0.12650513648986816
0.12695002555847168
0.12700295448303223
0.1264801025390625
0.1254868507385254
0.12995195388793945
0.13736391067504883
0.12595701217651367
0.127471923828125
0.12598395347595215
0.12700200080871582
0.12794208526611328
0.12700390815734863
0.12598299980163574
0.12650513648986816
0.13736295700073242
0.12598299980163574
0.1264798641204834
0.13444089889526367
0.12943100929260254
0.12744688987731934
0.12601017951965332
0.12598395347595215
0.12848901748657227
0.13838505744934082
0.13042211532592773
0.12697696685791016
0.12598395347595215
0.12595605850219727
0.12697601318359375
0.12697792053222656
0.12843585014343262
0.12796807289123535
0.13689398765563965
0.12595915794372559
0.12598395347595215
0.12697601318359375
0.12796783447265625
0.1304471492767334
0.12749981880187988
0.1260080337524414
0.1284642219543457
0.13741683959960938
0.1274731159210205
0.12598395347595215
0.1304459571838379
0.12797999382019043
0.12697505950927734
0.12598299980163574
0.1264798641204834
0.12749791145324707
0.13934993743896484
0.12895917892456055
0.12695097923278809
0.12695002555847168
0.12749814987182617
0.12896108627319336
0.12548589706420898
0.12849020957946777
0.1259751319885254
0.13689398765563965
0.1274709701538086
0.1264801025390625
0.12747621536254883
0.127471923828125
0.13190698623657227
0.1264801025390625
0.1284630298614502
0.12700200080871582
0.13739395141601562
0.1264808177947998
0.1274700164794922
0.1294560432434082
0.12694811820983887
0.12796807289123535
0.1264798641204834
0.12799310684204102
0.12595701217651367
0.14232587814331055
0.12744593620300293
0.1260080337524414
0.1274709701538086
0.12697696685791016
0.1264798641204834
0.12695002555847168
0.1324329376220703
0.1254880428314209
0.1373920440673828
0.1274721622467041
0.12896084785461426
0.12700200080871582
0.12697505950927734
0.12700510025024414
0.12598299980163574
0.12697601318359375
0.1274709701538086
0.13736605644226074
0.12749791145324707
0.1294560432434082
0.1270008087158203
0.125960111618042
0.12697696685791016
0.1264810562133789
0.12700414657592773
0.1259598731994629
0.14235210418701172
0.12697601318359375
0.12697601318359375
0.12598395347595215
0.12650704383850098
0.12744498252868652
0.127471923828125
0.12848997116088867
0.1260089874267578
0.13788700103759766
0.12598490715026855
0.128464937210083
0.1274700164794922
0.1314399242401123
