0.3917144
0.3909894
0.3873421
0.3891191
0.3864798
0.3760972
0.3809504
0.3763669
0.3892494
0.3771091
0.3754629
0.3759598
0.3751196
0.3763963
0.3743821
0.3745373
0.3745165
0.3769450
0.3746306
0.3735511
0.3766746
0.3760092
0.3753720
0.3762681
0.3759610
0.3771392
0.3754689
0.3787226
0.3729822
0.3794342
0.3750396
0.3753869
0.3748971
0.3727246
0.3751617
0.3756987
0.3783128
0.3714852
0.3762511
0.3743341
0.3744625
0.3760766
0.3735275
0.3749835
0.3759879
0.3762252
0.3744470
0.3734124
0.3733390
0.3729801
0.3772908
0.3739950
0.3837305
0.3755188
0.3751985
0.3745916
0.3736358
0.3782723
0.3745019
0.3771035
0.3743255
0.3752853
0.3765876
0.3724345
0.3770957
0.3760954
0.3755739
0.3802991
0.3764525
0.3728709
0.3735260
0.3725302
0.3733381
0.3784270
0.3732834
0.3761032
0.3752632
0.3766573
0.3758426
0.3724890
0.3783770
0.3747636
0.3752872
0.3803619
0.3770491
0.3736502
0.3733641
0.3772628
0.3726094
0.3758094
0.3738451
0.3746223
0.3733894
0.3723364
0.3763450
0.3730211
0.3769217
0.3717685
0.3807386
0.3744803
0.3726228
0.3780774
0.3722338
0.3754479
0.3752971
0.3738689
0.3749566
0.3736175
0.3730075
0.3723870
0.3784884
0.3728656
0.3737885
0.3737951
0.3741498
0.3727698
0.3719999
0.3747154
0.3726640
0.3748414
0.3734885
0.3840735
0.3754402
0.3757647
0.3742051
0.3728611
0.3750632
0.3735859
0.3743141
0.3737516
0.3741332
0.3781027
0.3732057
0.3766941
0.3741507
0.3739198
0.3768068
0.3729354
0.3744450
0.3737892
0.3771694
0.3744011
0.3751295
0.3742728
0.3746611
0.3772767
0.3745687
0.3779678
0.3737824
0.3732192
0.3753081
0.3831315
0.3853461
0.3774706
0.3768688
0.3733417
0.3761304
0.3730376
0.3759655
0.3735054
0.3719622
0.3786461
0.3753676
0.3771642
0.3709999
0.3796992
0.3732332
0.3731691
0.3800634
0.3713656
0.3764605
0.3743431
0.3761938
0.3732058
0.3732970
0.3732762
0.3733933
0.3751907
0.3752212
0.3764639
0.3745807
0.3737370
0.3750848
0.3734300
0.3750086
0.3716364
0.3758884
0.3724208
0.3730841
0.3752858
0.3776102
0.3809103
0.3721437
0.3781847
0.3719332
0.3772455
0.3745675
0.3730180
0.3741008
0.3713508
0.3760996
0.3735813
0.3746310
0.3738367
0.3744779
0.3766001
0.3741386
0.3756956
0.3750254
0.3779781
0.3748037
0.3729580
0.3745353
0.3741147
0.3781671
0.3740039
0.3788713
0.3728740
0.3755089
0.3752136
0.3724582
0.3761258
0.3745334
0.3756461
0.3735997
0.3875616
0.3734963
0.3735008
0.3766861
0.3735127
0.3772527
0.3738840
0.3778371
0.3738997
0.3744855
0.3726138
0.3740278
0.3779846
0.3741232
0.3791534
0.3738133
0.3721482
0.3777014
0.3749089
0.3767084
0.3722830
0.3787177
0.3735704
0.3740642
0.3741446
