0.1002163
0.1052817
0.0995628
0.1002874
0.1007812
0.0974506
0.0976344
0.1001498
0.0996652
0.0979261
0.0977597
0.0978548
0.1002348
0.0967525
0.0974704
0.0977322
0.0974646
0.0973370
0.0979513
0.0977573
0.0999666
0.0978433
0.0979515
0.0988172
0.0975719
0.0975228
0.0975277
0.0970011
0.0986635
0.0977344
0.0971253
0.0975920
0.0980384
0.0987472
0.0973931
0.0980718
0.0996631
0.0977483
0.0981348
0.0978919
0.0974351
0.0976039
0.0979539
0.0976352
0.0999255
0.0978875
0.0977197
0.0973492
0.0978327
0.0976141
0.0974004
0.0974717
0.0997433
0.0971240
0.0985450
0.0982674
0.0971897
0.0969123
0.0972482
0.0973205
0.0987358
0.0968750
0.0984042
0.0979978
0.0972225
0.0983809
0.0978139
0.0973845
0.1007498
0.0970257
0.0977597
0.0977164
0.0977332
0.0980149
0.0980936
0.0992119
0.1032008
0.0985687
0.0973962
0.0984631
0.0977567
0.0974254
0.0975544
0.0983388
0.0990562
0.0977534
0.0978178
0.0979948
0.0974319
0.0977871
0.0976379
0.0977792
0.1007845
0.0983543
0.0972248
0.0978438
0.0980166
0.0970515
0.0972182
0.0978137
0.1002662
0.0980124
0.0974664
0.0977785
0.0973564
0.0971120
0.0972979
0.0979617
0.0986860
0.0985539
0.0977172
0.0974384
0.0979651
0.0976607
0.0975839
0.0986089
0.1000964
0.0970870
0.0977919
0.0980792
0.0981370
0.0977449
0.0975255
0.0984235
0.0973001
0.0980474
0.0980686
0.0970824
0.0978230
0.0978830
0.0970478
0.0971925
0.0978349
0.0981733
0.0983855
0.0978868
0.0982153
0.0978812
0.0977328
0.0985384
0.0974536
0.1004666
0.0972878
0.0972829
0.0973166
0.0970724
0.0983625
0.0978454
0.0977180
0.0977034
0.0979985
0.0983129
0.0971513
0.0975453
0.0970336
0.0981100
0.0979107
0.0976254
0.0976652
0.0975852
0.0977680
0.0977434
0.0971395
0.0976823
0.0974662
0.0997982
0.0986182
0.0978435
0.0974701
0.0972376
0.0968858
0.0974552
0.0976206
0.0991748
0.0980306
0.0970987
0.0973284
0.0968180
0.0976006
0.0978790
0.0972907
0.0986418
0.0972178
0.0972323
0.0971699
0.0968680
0.0977725
0.0976192
0.0979038
0.1002570
0.0985822
0.0977927
0.0973116
0.0973002
0.0978251
0.0983274
0.0975535
0.1011498
0.0979828
0.0977881
0.0969804
0.0975935
0.0972385
0.0975708
0.0974275
0.1007588
0.0974055
0.0978049
0.0980259
0.0976027
0.0972175
0.0984419
0.0976398
0.1003161
0.0977613
0.0985558
0.0976811
0.0967326
0.0967376
0.0971684
0.0973005
0.0999523
0.0979537
0.0975321
0.0970984
0.0983029
0.0980998
0.0974789
0.0970530
0.1006700
0.0991789
0.0977443
0.0975864
0.0980055
0.0981218
0.1047959
0.0983720
0.1030569
0.0988470
0.0973993
0.0976715
0.0975772
0.0978368
0.0989772
0.0972453
0.0996954
0.0977781
0.0972045
0.0980558
0.0972235
