0.2205030918121338
0.1354999542236328
0.12897181510925293
0.12702703475952148
0.12852811813354492
0.13049983978271484
0.13850092887878418
0.12752699851989746
0.1255021095275879
0.12649893760681152
0.12549901008605957
0.12599897384643555
0.127000093460083
0.12999701499938965
0.12647199630737305
0.12752604484558105
0.12600088119506836
0.1255040168762207
0.12550806999206543
0.12649917602539062
0.14050006866455078
0.12697100639343262
0.12602806091308594
0.12599992752075195
0.12649989128112793
0.12597179412841797
0.1289989948272705
0.12599992752075195
0.1269998550415039
0.13702607154846191
0.12600088119506836
0.12599992752075195
0.12600016593933105
0.12999582290649414
0.13049793243408203
0.13099884986877441
0.13547205924987793
0.1334989070892334
0.14997100830078125
0.13599896430969238
0.13699698448181152
0.13002991676330566
0.1289989948272705
0.12599992752075195
0.12549901008605957
0.12599921226501465
0.12899994850158691
0.1380000114440918
0.12802696228027344
0.12650012969970703
0.12600088119506836
0.12649798393249512
0.12700104713439941
0.13446998596191406
0.12702703475952148
0.12649798393249512
0.13699984550476074
0.12550115585327148
0.1274728775024414
0.13051414489746094
0.12852811813354492
0.12750005722045898
0.12647199630737305
0.1254739761352539
0.12600016593933105
0.13802695274353027
0.12847208976745605
0.12749886512756348
0.12752795219421387
0.12699484825134277
0.1269991397857666
0.12649917602539062
0.12600302696228027
0.12897396087646484
0.1379990577697754
0.12852692604064941
0.1255021095275879
0.12600088119506836
0.1275010108947754
0.12999892234802246
0.1274721622467041
0.12750005722045898
0.12752890586853027
0.13650083541870117
0.12549996376037598
0.12600016593933105
0.12900185585021973
0.12650108337402344
0.12650012969970703
0.12599611282348633
0.12797284126281738
0.1270008087158203
0.13849997520446777
0.1315009593963623
0.1265268325805664
0.12599706649780273
0.12549996376037598
0.12599706649780273
0.12649989128112793
0.12650418281555176
0.12849998474121094
0.13899993896484375
0.1264970302581787
0.1275010108947754
0.12600207328796387
0.12647294998168945
0.13000082969665527
0.12750005722045898
0.12749981880187988
0.12599992752075195
0.13699793815612793
0.12700104713439941
0.1269700527191162
0.12852811813354492
0.1274728775024414
0.12652897834777832
0.12646913528442383
0.1269998550415039
0.12797117233276367
0.13802814483642578
0.12902593612670898
0.12649989128112793
0.12600207328796387
0.12650108337402344
0.12599897384643555
0.12797212600708008
0.13050007820129395
0.12599778175354004
0.13650107383728027
0.12600088119506836
0.12599921226501465
0.12599611282348633
0.1269979476928711
0.12947297096252441
0.12849998474121094
0.12752699851989746
0.12650012969970703
0.13700103759765625
0.12600207328796387
0.12599802017211914
0.1289970874786377
0.1264958381652832
0.12700104713439941
0.12597012519836426
0.12750005722045898
0.12750005722045898
0.14099884033203125
0.1269991397857666
0.1270310878753662
0.12600111961364746
0.12599992752075195
0.12549710273742676
0.12599802017211914
0.1289989948272705
0.12750005722045898
0.13750004768371582
0.12749886512756348
0.12702703475952148
0.12650299072265625
0.1274709701538086
0.13100004196166992
0.12649989128112793
0.12653183937072754
0.12650203704833984
0.13750696182250977
0.12599992752075195
0.12697100639343262
0.12599706649780273
0.1269989013671875
0.12649893760681152
0.12600016593933105
0.12797093391418457
0.12652802467346191
0.13900113105773926
0.12649893760681152
0.12597298622131348
0.12600016593933105
0.12697291374206543
0.12750005722045898
0.12600111961364746
0.12999987602233887
0.12702703475952148
0.13649892807006836
0.12599992752075195
0.12550091743469238
0.1274709701538086
0.1279740333557129
0.12902617454528809
0.12650108337402344
0.12549996376037598
0.1260089874267578
0.13700008392333984
0.12650299072265625
0.12850093841552734
0.12600088119506836
0.12600302696228027
0.12649989128112793
0.12697196006774902
0.12752795219421387
0.12697410583496094
0.13949918746948242
0.12800002098083496
0.1269989013671875
0.1265270709991455
0.12599897384643555
0.1274731159210205
0.12800002098083496
0.12702703475952148
0.12600016593933105
0.13697504997253418
0.12599706649780273
0.12599897384643555
0.12600183486938477
0.12847113609313965
0.12649893760681152
0.1265270709991455
0.12600016593933105
0.12747406959533691
0.13849997520446777
0.127000093460083
0.12952804565429688
0.12549996376037598
0.12700390815734863
0.12800192832946777
0.12648701667785645
0.12600016593933105
0.12599706649780273
0.1400010585784912
0.12650203704833984
0.12649989128112793
0.12549901008605957
0.12800002098083496
0.12797117233276367
0.13050007820129395
0.127000093460083
0.12750005722045898
0.13700008392333984
0.12599897384643555
0.12649893760681152
0.1269991397857666
0.12802886962890625
0.12650084495544434
0.12599515914916992
0.12647294998168945
0.12799978256225586
0.1375288963317871
0.12647199630737305
0.12999916076660156
0.12750005722045898
0.12652802467346191
