1.587172508239746
1.5321414470672607
1.5351154804229736
1.5356144905090332
1.5311245918273926
1.5266871452331543
1.5301563739776611
1.530641794204712
1.53410005569458
1.526712417602539
1.529660701751709
1.5251715183258057
1.525693655014038
1.5276777744293213
1.5311765670776367
1.532142162322998
1.5301575660705566
1.52321457862854
1.5281734466552734
1.5301573276519775
1.5350916385650635
1.5321428775787354
1.5321416854858398
1.53067946434021
1.5311503410339355
1.5316455364227295
1.529658555984497
1.531120777130127
1.5316896438598633
1.5296366214752197
1.5435495376586914
1.5326383113861084
1.530653476715088
1.5306789875030518
1.5296623706817627
1.5350921154022217
1.5480139255523682
1.5306487083435059
1.5306553840637207
1.532116174697876
1.532637596130371
1.5296618938446045
1.5341517925262451
1.525693655014038
1.534125566482544
1.5271556377410889
1.5386152267456055
1.52864408493042
1.5346477031707764
1.5316200256347656
1.5316731929779053
1.532142162322998
1.5316441059112549
1.5336272716522217
1.5321149826049805
1.5380682945251465
1.529191255569458
1.5455081462860107
1.539111614227295
1.534595251083374
1.5301828384399414
1.5350921154022217
1.5361096858978271
1.5361096858978271
1.5336298942565918
1.5281741619110107
1.5366318225860596
1.5306878089904785
1.5410685539245605
1.529139757156372
1.537623405456543
1.542060375213623
1.5331313610076904
1.5271804332733154
1.539111852645874
1.5366065502166748
1.530653715133667
1.530653953552246
1.533623218536377
1.5326108932495117
1.5385899543762207
1.5405712127685547
1.533604383468628
1.5341525077819824
1.5311253070831299
1.5341243743896484
1.5306284427642822
1.5341544151306152
1.531123161315918
1.5301835536956787
1.5346205234527588
1.5316441059112549
1.53363037109375
1.5291666984558105
1.5390596389770508
1.529165267944336
1.5381197929382324
1.5316202640533447
1.5361361503601074
1.5286951065063477
1.5376241207122803
1.528670310974121
1.5346214771270752
1.5311498641967773
1.5376288890838623
1.5301573276519775
1.5316128730773926
1.5326642990112305
1.5331339836120605
1.528670072555542
1.5361075401306152
1.5301573276519775
1.53363037109375
1.543053388595581
1.564406156539917
1.5316195487976074
1.530158281326294
1.5311503410339355
1.5316448211669922
1.5351183414459229
1.534125804901123
1.5326383113861084
1.5321321487426758
1.5316722393035889
1.534621238708496
1.5296661853790283
1.534621000289917
1.5291645526885986
1.5400779247283936
1.5296602249145508
1.5351169109344482
1.5301830768585205
1.5336549282073975
1.530155897140503
1.538588047027588
1.527677059173584
1.5346198081970215
1.5296361446380615
1.5296893119812012
1.5316457748413086
1.5311474800109863
1.5346198081970215
1.5306529998779297
1.5306541919708252
1.5307226181030273
1.5291402339935303
1.5301823616027832
1.5351178646087646
1.5306832790374756
1.5336284637451172
1.5301587581634521
1.5326123237609863
1.5321686267852783
1.5316457748413086
1.5376241207122803
1.5266869068145752
1.5931501388549805
1.5524780750274658
1.5574378967285156
1.5420620441436768
1.5490059852600098
1.5619022846221924
1.5758161544799805
1.5599181652069092
1.5822374820709229
1.5708568096160889
1.5673580169677734
1.5723178386688232
1.5733094215393066
1.5772781372070312
1.5757906436920166
1.5718474388122559
1.5772781372070312
1.5708301067352295
1.5777738094329834
1.5822374820709229
1.5772788524627686
1.5653727054595947
1.5723457336425781
1.5757653713226318
1.5792875289916992
1.5747981071472168
1.5832295417785645
1.573336124420166
1.5787904262542725
1.573779821395874
1.578765630722046
1.5723178386688232
1.5757906436920166
1.5629208087921143
1.5708296298980713
1.5871977806091309
1.5748231410980225
1.5688207149505615
1.566366195678711
1.57033371925354
1.568349838256836
1.578765869140625
1.5871975421905518
1.5891821384429932
1.585709810256958
1.5832300186157227
1.5921580791473389
1.5981101989746094
1.5881898403167725
1.5891821384429932
1.586205244064331
1.5867021083831787
1.5981099605560303
1.5941417217254639
1.59761381149292
1.5971176624298096
1.6000933647155762
1.5886850357055664
1.5832304954528809
1.584221601486206
1.5956299304962158
1.592653751373291
1.5995979309082031
1.5916621685028076
1.5956296920776367
1.5852136611938477
1.5916612148284912
1.5926539897918701
1.5847175121307373
1.589181900024414
1.5881900787353516
1.5847415924072266
1.5807256698608398
1.5772778987884521
1.5757644176483154
1.5738317966461182
1.5832040309906006
1.5480389595031738
1.530158281326294
1.5266876220703125
1.5321376323699951
1.5271806716918945
1.5415964126586914
1.5267143249511719
1.5326390266418457
1.52718186378479
1.5311493873596191
1.5256938934326172
1.5341005325317383
1.5291714668273926
1.528700351715088
1.5296630859375
1.5301573276519775
1.528669834136963
